([[ 292.]], [[ 371.06998582]])
([[ 248.]], [[ 342.22878872]])
([[ 242.]], [[ 364.40529724]])
([[ 156.]], [[ 176.31300246]])
([[ 112.]], [[ 150.05843102]])
([[ 378.]], [[ 503.58929538]])
([[ 255.]], [[ 382.49237396]])
([[ 685.]], [[ 835.93006188]])
([[ 19.]], [[ 20.6048478]])
([[ 105.]], [[ 95.04696088]])
([[ 91.]], [[ 106.43817859]])
([[ 36.]], [[ 48.0316382]])
([[ 76.]], [[ 69.27167338]])
([[ 183.]], [[ 240.04728371]])
([[ 313.]], [[ 326.77175485]])
([[ 245.]], [[ 296.39945858]])
([[ 146.]], [[ 135.96321043]])
([[ 48.]], [[ 58.74528586]])
([[ 407.]], [[ 542.88723377]])
([[ 174.]], [[ 178.46289272]])
([[ 218.]], [[ 257.03815261]])
([[ 383.]], [[ 534.22627643]])
([[ 684.]], [[ 882.47521533]])
([[ 517.]], [[ 647.34207765]])
([[ 1442.]], [[ 1661.5251931]])
([[ 549.]], [[ 522.50106179]])
([[ 410.]], [[ 466.46346197]])
([[ 576.]], [[ 722.92119491]])
([[ 614.]], [[ 813.11316729]])
([[ 308.]], [[ 455.54480052]])
([[ 171.]], [[ 267.3509706]])
([[ 531.]], [[ 529.95343217]])
([[ 157.]], [[ 139.83863849]])
([[ 90.]], [[ 134.76442507]])
([[ 202.]], [[ 223.58611687]])
([[ 49.]], [[ 62.19840535]])
([[ 62.]], [[ 96.02683129]])
([[ 224.]], [[ 331.23474716]])
([[ 115.]], [[ 182.86792216]])
([[ 206.]], [[ 277.87750034]])
([[ 115.]], [[ 145.46796123]])
([[ 295.]], [[ 370.28488187]])
([[ 816.]], [[ 868.77711717]])
([[ 446.]], [[ 574.59720457]])
([[ 101.]], [[ 154.79207047]])
([[ 400.]], [[ 509.47525271]])
([[ 20.]], [[ 39.00903468]])
([[ 106.]], [[ 167.36638995]])
([[ 595.]], [[ 736.4640232]])
([[ 104.]], [[ 108.62770559]])
([[ 175.]], [[ 175.69515905]])
([[ 132.]], [[ 132.06807674]])
([[ 333.]], [[ 401.63074947]])
([[ 100.]], [[ 105.43561808]])
([[ 42.]], [[ 58.68600457]])
([[ 183.]], [[ 163.05225079]])
([[ 85.]], [[ 88.48206809]])
([[ 236.]], [[ 257.16999416]])
([[ 88.]], [[ 94.65026729]])
([[ 133.]], [[ 179.31310396]])
([[ 377.]], [[ 572.65116021]])
([[ 70.]], [[ 115.05604791]])
([[ 193.]], [[ 249.94701397]])
([[ 78.]], [[ 89.12014251]])
([[ 145.]], [[ 204.61989319]])
([[ 494.]], [[ 656.13880368]])
([[ 527.]], [[ 728.20961877]])
([[ 545.]], [[ 702.49584113]])
([[ 478.]], [[ 646.29893402]])
([[ 207.]], [[ 256.14887809]])
([[ 621.]], [[ 710.79079211]])
([[ 61.]], [[ 72.76206276]])
([[ 217.]], [[ 322.57454692]])
([[ 33.]], [[ 57.59451346]])
([[ 165.]], [[ 174.39060486]])
([[ 150.]], [[ 152.59099051]])
([[ 153.]], [[ 257.71049676]])
